solid GiantLegoRocks
facet normal 0.0000 0.0000 -47.7040
    outer loop
        vertex 0.0000 2.4000 -16.2000
        vertex 0.8000 2.2408 -16.2000
        vertex 0.8000 0.8000 -16.2000
    endloop
endfacet
facet normal 0.0000 0.0000 -52.5000
    outer loop
        vertex 0.8000 0.8000 -16.2000
        vertex 0.0000 0.0000 -16.2000
        vertex 0.0000 2.4000 -16.2000
    endloop
endfacet
facet normal 0.0000 0.0000 -52.5000
    outer loop
        vertex 0.0000 -2.4000 -16.2000
        vertex 0.0000 0.0000 -16.2000
        vertex 0.8000 -0.8000 -16.2000
    endloop
endfacet
facet normal 0.0000 0.0000 -47.7040
    outer loop
        vertex 0.8000 -0.8000 -16.2000
        vertex 0.8000 -2.2408 -16.2000
        vertex 0.0000 -2.4000 -16.2000
    endloop
endfacet
facet normal 0.0000 0.0000 -52.5000
    outer loop
        vertex 0.0000 2.4000 -16.2000
        vertex 0.0000 0.0000 -16.2000
        vertex -0.8000 0.8000 -16.2000
    endloop
endfacet
facet normal 0.0000 0.0000 -47.7040
    outer loop
        vertex -0.8000 0.8000 -16.2000
        vertex -0.8000 2.2408 -16.2000
        vertex 0.0000 2.4000 -16.2000
    endloop
endfacet
facet normal 0.0000 0.0000 -47.7040
    outer loop
        vertex 0.0000 -2.4000 -16.2000
        vertex -0.8000 -2.2408 -16.2000
        vertex -0.8000 -0.8000 -16.2000
    endloop
endfacet
facet normal 0.0000 0.0000 -52.5000
    outer loop
        vertex -0.8000 -0.8000 -16.2000
        vertex 0.0000 0.0000 -16.2000
        vertex 0.0000 -2.4000 -16.2000
    endloop
endfacet
facet normal 0.0000 0.0000 -52.5000
    outer loop
        vertex 2.4000 0.0000 -16.2000
        vertex 0.0000 0.0000 -16.2000
        vertex 0.8000 0.8000 -16.2000
    endloop
endfacet
facet normal 0.0000 0.0000 -47.7040
    outer loop
        vertex 0.8000 0.8000 -16.2000
        vertex 2.2408 0.8000 -16.2000
        vertex 2.4000 0.0000 -16.2000
    endloop
endfacet
facet normal 0.0000 0.0000 -47.7040
    outer loop
        vertex 2.4000 0.0000 -16.2000
        vertex 2.2408 -0.8000 -16.2000
        vertex 0.8000 -0.8000 -16.2000
    endloop
endfacet
facet normal 0.0000 0.0000 -52.5000
    outer loop
        vertex 0.8000 -0.8000 -16.2000
        vertex 0.0000 0.0000 -16.2000
        vertex 2.4000 0.0000 -16.2000
    endloop
endfacet
facet normal 0.0000 0.0000 -47.7040
    outer loop
        vertex -2.4000 0.0000 -16.2000
        vertex -2.2408 0.8000 -16.2000
        vertex -0.8000 0.8000 -16.2000
    endloop
endfacet
facet normal 0.0000 0.0000 -52.5000
    outer loop
        vertex -0.8000 0.8000 -16.2000
        vertex 0.0000 0.0000 -16.2000
        vertex -2.4000 0.0000 -16.2000
    endloop
endfacet
facet normal 0.0000 0.0000 -52.5000
    outer loop
        vertex -2.4000 0.0000 -16.2000
        vertex 0.0000 0.0000 -16.2000
        vertex -0.8000 -0.8000 -16.2000
    endloop
endfacet
facet normal 0.0000 0.0000 -47.7040
    outer loop
        vertex -0.8000 -0.8000 -16.2000
        vertex -2.2408 -0.8000 -16.2000
        vertex -2.4000 0.0000 -16.2000
    endloop
endfacet
facet normal 3.8011 -3.4035 -24.2500
    outer loop
        vertex 0.8000 0.8000 -16.2000
        vertex 0.8000 0.8000 -3.2000
        vertex 2.2409 0.8000 -3.2000
    endloop
endfacet
facet normal 3.8011 -3.4035 -24.2500
    outer loop
        vertex 2.2409 0.8000 -3.2000
        vertex 2.2409 0.8000 -16.2000
        vertex 0.8000 0.8000 -16.2000
    endloop
endfacet
facet normal -3.4035 3.8011 -24.2500
    outer loop
        vertex 0.8000 2.2409 -3.2000
        vertex 0.8000 0.8000 -3.2000
        vertex 0.8000 0.8000 -16.2000
    endloop
endfacet
facet normal -3.4035 3.8011 -24.2500
    outer loop
        vertex 0.8000 0.8000 -16.2000
        vertex 0.8000 2.2409 -16.2000
        vertex 0.8000 2.2409 -3.2000
    endloop
endfacet
facet normal 3.8011 -11.0057 -24.2500
    outer loop
        vertex 0.8000 -0.8000 -16.2000
        vertex 2.2409 -0.8000 -3.2000
        vertex 0.8000 -0.8000 -3.2000
    endloop
endfacet
facet normal 3.8011 -11.0057 -24.2500
    outer loop
        vertex 2.2409 -0.8000 -3.2000
        vertex 0.8000 -0.8000 -16.2000
        vertex 2.2409 -0.8000 -16.2000
    endloop
endfacet
facet normal 11.0057 -3.8011 -24.2500
    outer loop
        vertex 0.8000 -2.2409 -3.2000
        vertex 0.8000 -0.8000 -16.2000
        vertex 0.8000 -0.8000 -3.2000
    endloop
endfacet
facet normal 11.0057 -3.8011 -24.2500
    outer loop
        vertex 0.8000 -0.8000 -16.2000
        vertex 0.8000 -2.2409 -3.2000
        vertex 0.8000 -2.2409 -16.2000
    endloop
endfacet
facet normal -3.8011 3.4035 -24.2500
    outer loop
        vertex -0.8000 -0.8000 -16.2000
        vertex -0.8000 -0.8000 -3.2000
        vertex -2.2409 -0.8000 -3.2000
    endloop
endfacet
facet normal -3.8011 3.4035 -24.2500
    outer loop
        vertex -2.2409 -0.8000 -3.2000
        vertex -2.2409 -0.8000 -16.2000
        vertex -0.8000 -0.8000 -16.2000
    endloop
endfacet
facet normal 3.4035 -3.8011 -24.2500
    outer loop
        vertex -0.8000 -2.2409 -3.2000
        vertex -0.8000 -0.8000 -3.2000
        vertex -0.8000 -0.8000 -16.2000
    endloop
endfacet
facet normal 3.4035 -3.8011 -24.2500
    outer loop
        vertex -0.8000 -0.8000 -16.2000
        vertex -0.8000 -2.2409 -16.2000
        vertex -0.8000 -2.2409 -3.2000
    endloop
endfacet
facet normal -3.8011 11.0057 -24.2500
    outer loop
        vertex -0.8000 0.8000 -16.2000
        vertex -2.2409 0.8000 -3.2000
        vertex -0.8000 0.8000 -3.2000
    endloop
endfacet
facet normal -3.8011 11.0057 -24.2500
    outer loop
        vertex -2.2409 0.8000 -3.2000
        vertex -0.8000 0.8000 -16.2000
        vertex -2.2409 0.8000 -16.2000
    endloop
endfacet
facet normal -11.0057 3.8011 -24.2500
    outer loop
        vertex -0.8000 2.2409 -3.2000
        vertex -0.8000 0.8000 -16.2000
        vertex -0.8000 0.8000 -3.2000
    endloop
endfacet
facet normal -11.0057 3.8011 -24.2500
    outer loop
        vertex -0.8000 0.8000 -16.2000
        vertex -0.8000 2.2409 -3.2000
        vertex -0.8000 2.2409 -16.2000
    endloop
endfacet
facet normal 0.3977 2.0000 -40.5000
    outer loop
        vertex 0.8000 2.2409 -3.2000
        vertex 0.8000 2.2409 -16.2000
        vertex 0.0000 2.4000 -16.2000
    endloop
endfacet
facet normal 0.3977 2.0000 -40.5000
    outer loop
        vertex 0.0000 2.4000 -16.2000
        vertex 0.0000 2.4000 -3.2000
        vertex 0.8000 2.2409 -3.2000
    endloop
endfacet
facet normal 2.0000 0.3977 -40.5000
    outer loop
        vertex 2.2409 0.8000 -3.2000
        vertex 2.4000 0.0000 -3.2000
        vertex 2.4000 0.0000 -16.2000
    endloop
endfacet
facet normal 2.0000 0.3977 -40.5000
    outer loop
        vertex 2.4000 0.0000 -16.2000
        vertex 2.2409 0.8000 -16.2000
        vertex 2.2409 0.8000 -3.2000
    endloop
endfacet
facet normal 2.0000 -0.3977 -40.5000
    outer loop
        vertex 2.2409 -0.8000 -3.2000
        vertex 2.2409 -0.8000 -16.2000
        vertex 2.4000 0.0000 -16.2000
    endloop
endfacet
facet normal 2.0000 -0.3977 -40.5000
    outer loop
        vertex 2.4000 0.0000 -16.2000
        vertex 2.4000 0.0000 -3.2000
        vertex 2.2409 -0.8000 -3.2000
    endloop
endfacet
facet normal 0.3977 -2.0000 -40.5000
    outer loop
        vertex 0.8000 -2.2409 -3.2000
        vertex 0.0000 -2.4000 -3.2000
        vertex 0.0000 -2.4000 -16.2000
    endloop
endfacet
facet normal 0.3977 -2.0000 -40.5000
    outer loop
        vertex 0.0000 -2.4000 -16.2000
        vertex 0.8000 -2.2409 -16.2000
        vertex 0.8000 -2.2409 -3.2000
    endloop
endfacet
facet normal -0.3977 -2.0000 -40.5000
    outer loop
        vertex -0.8000 -2.2409 -3.2000
        vertex -0.8000 -2.2409 -16.2000
        vertex 0.0000 -2.4000 -16.2000
    endloop
endfacet
facet normal -0.3977 -2.0000 -40.5000
    outer loop
        vertex 0.0000 -2.4000 -16.2000
        vertex 0.0000 -2.4000 -3.2000
        vertex -0.8000 -2.2409 -3.2000
    endloop
endfacet
facet normal -2.0000 0.3977 -40.5000
    outer loop
        vertex -2.2409 0.8000 -3.2000
        vertex -2.2409 0.8000 -16.2000
        vertex -2.4000 0.0000 -16.2000
    endloop
endfacet
facet normal -2.0000 0.3977 -40.5000
    outer loop
        vertex -2.4000 0.0000 -16.2000
        vertex -2.4000 0.0000 -3.2000
        vertex -2.2409 0.8000 -3.2000
    endloop
endfacet
facet normal -2.0000 -0.3977 -40.5000
    outer loop
        vertex -2.2409 -0.8000 -3.2000
        vertex -2.4000 0.0000 -3.2000
        vertex -2.4000 0.0000 -16.2000
    endloop
endfacet
facet normal -2.0000 -0.3977 -40.5000
    outer loop
        vertex -2.4000 0.0000 -16.2000
        vertex -2.2409 -0.8000 -16.2000
        vertex -2.2409 -0.8000 -3.2000
    endloop
endfacet
facet normal -0.3977 2.0000 -40.5000
    outer loop
        vertex -0.8000 2.2409 -3.2000
        vertex 0.0000 2.4000 -3.2000
        vertex 0.0000 2.4000 -16.2000
    endloop
endfacet
facet normal -0.3977 2.0000 -40.5000
    outer loop
        vertex 0.0000 2.4000 -16.2000
        vertex -0.8000 2.2409 -16.2000
        vertex -0.8000 2.2409 -3.2000
    endloop
endfacet
facet normal 0.0000 -36.2685 -51.7968
    outer loop
        vertex 0.8000 -0.8000 -2.6132
        vertex 2.2408 -0.8000 -2.6132
        vertex 2.4000 -6.5520 1.4144
    endloop
endfacet
facet normal -0.5299 -10.2360 -14.4080
    outer loop
        vertex 2.4000 -6.5520 1.4144
        vertex 0.8000 -2.2408 -1.5896
        vertex 0.8000 -0.8000 -2.6132
    endloop
endfacet
facet normal 0.0000 -5.2841 0.0000
    outer loop
        vertex 2.2408 -0.8000 -3.2000
        vertex 2.2408 -0.8000 -2.6132
        vertex 0.8000 -0.8000 -2.6132
    endloop
endfacet
facet normal 0.0000 -5.2841 0.0000
    outer loop
        vertex 0.8000 -0.8000 -2.6132
        vertex 0.8000 -0.8000 -3.2000
        vertex 2.2408 -0.8000 -3.2000
    endloop
endfacet
facet normal 0.1300 -0.0259 0.0000
    outer loop
        vertex 2.4000 0.0000 -3.2000
        vertex 2.4000 0.0000 -3.1740
        vertex 2.2408 -0.8000 -2.6132
    endloop
endfacet
facet normal 2.9340 -0.5839 0.0000
    outer loop
        vertex 2.2408 -0.8000 -2.6132
        vertex 2.2408 -0.8000 -3.2000
        vertex 2.4000 0.0000 -3.2000
    endloop
endfacet
facet normal 2.9340 0.5839 0.0000
    outer loop
        vertex 2.2408 0.8000 -3.2000
        vertex 2.2408 0.8000 -2.6132
        vertex 2.4000 0.0000 -3.1740
    endloop
endfacet
facet normal 0.1300 0.0259 0.0000
    outer loop
        vertex 2.4000 0.0000 -3.1740
        vertex 2.4000 0.0000 -3.2000
        vertex 2.2408 0.8000 -3.2000
    endloop
endfacet
facet normal -2.9340 -0.5839 0.0000
    outer loop
        vertex -2.2408 -0.8000 -3.2000
        vertex -2.2408 -0.8000 -2.6132
        vertex -2.4000 0.0000 -3.1740
    endloop
endfacet
facet normal -0.1300 -0.0259 0.0000
    outer loop
        vertex -2.4000 0.0000 -3.1740
        vertex -2.4000 0.0000 -3.2000
        vertex -2.2408 -0.8000 -3.2000
    endloop
endfacet
facet normal -0.1300 0.0259 0.0000
    outer loop
        vertex -2.4000 0.0000 -3.2000
        vertex -2.4000 0.0000 -3.1740
        vertex -2.2408 0.8000 -2.6132
    endloop
endfacet
facet normal -2.9340 0.5839 0.0000
    outer loop
        vertex -2.2408 0.8000 -2.6132
        vertex -2.2408 0.8000 -3.2000
        vertex -2.4000 0.0000 -3.2000
    endloop
endfacet
facet normal 14.5017 0.0000 0.0000
    outer loop
        vertex 0.8000 -2.2408 -1.5896
        vertex 0.8000 -2.2408 -3.2000
        vertex 0.8000 -0.8000 -3.2000
    endloop
endfacet
facet normal 5.2841 0.0000 0.0000
    outer loop
        vertex 0.8000 -0.8000 -3.2000
        vertex 0.8000 -0.8000 -2.6132
        vertex 0.8000 -2.2408 -1.5896
    endloop
endfacet
facet normal 1.6979 -8.5320 0.0000
    outer loop
        vertex 0.0000 -2.4000 -1.4936
        vertex 0.0000 -2.4000 -3.2000
        vertex 0.8000 -2.2408 -3.2000
    endloop
endfacet
facet normal 1.6023 -8.0520 0.0000
    outer loop
        vertex 0.8000 -2.2408 -3.2000
        vertex 0.8000 -2.2408 -1.5896
        vertex 0.0000 -2.4000 -1.4936
    endloop
endfacet
facet normal 0.0000 -5.2841 0.0000
    outer loop
        vertex -0.8000 -0.8000 -3.2000
        vertex -0.8000 -0.8000 -2.6132
        vertex -2.2408 -0.8000 -2.6132
    endloop
endfacet
facet normal 0.0000 -5.2841 0.0000
    outer loop
        vertex -2.2408 -0.8000 -2.6132
        vertex -2.2408 -0.8000 -3.2000
        vertex -0.8000 -0.8000 -3.2000
    endloop
endfacet
facet normal -5.2841 0.0000 0.0000
    outer loop
        vertex -0.8000 -0.8000 -2.6132
        vertex -0.8000 -0.8000 -3.2000
        vertex -0.8000 -2.2408 -3.2000
    endloop
endfacet
facet normal -14.5017 0.0000 0.0000
    outer loop
        vertex -0.8000 -2.2408 -3.2000
        vertex -0.8000 -2.2408 -1.5896
        vertex -0.8000 -0.8000 -2.6132
    endloop
endfacet
facet normal -1.6023 -8.0520 0.0000
    outer loop
        vertex -0.8000 -2.2408 -1.5896
        vertex -0.8000 -2.2408 -3.2000
        vertex 0.0000 -2.4000 -3.2000
    endloop
endfacet
facet normal -1.6979 -8.5320 0.0000
    outer loop
        vertex 0.0000 -2.4000 -3.2000
        vertex 0.0000 -2.4000 -1.4936
        vertex -0.8000 -2.2408 -1.5896
    endloop
endfacet
facet normal 0.0000 5.2841 0.0000
    outer loop
        vertex 0.8000 0.8000 -3.2000
        vertex 0.8000 0.8000 -2.6132
        vertex 2.2408 0.8000 -2.6132
    endloop
endfacet
facet normal 0.0000 5.2841 0.0000
    outer loop
        vertex 2.2408 0.8000 -2.6132
        vertex 2.2408 0.8000 -3.2000
        vertex 0.8000 0.8000 -3.2000
    endloop
endfacet
facet normal 5.2841 0.0000 0.0000
    outer loop
        vertex 0.8000 0.8000 -2.6132
        vertex 0.8000 0.8000 -3.2000
        vertex 0.8000 2.2408 -3.2000
    endloop
endfacet
facet normal 14.5970 0.0000 0.0000
    outer loop
        vertex 0.8000 2.2408 -3.2000
        vertex 0.8000 2.2668 -1.5896
        vertex 0.8000 0.8000 -2.6132
    endloop
endfacet
facet normal 1.6023 8.0520 -0.1300
    outer loop
        vertex 0.8000 2.2668 -1.5896
        vertex 0.8000 2.2408 -3.2000
        vertex 0.0000 2.4000 -3.2000
    endloop
endfacet
facet normal 1.4206 8.5320 0.0000
    outer loop
        vertex 0.0000 2.4000 -3.2000
        vertex 0.0000 2.4000 -1.4936
        vertex 0.8000 2.2668 -1.5896
    endloop
endfacet
facet normal 0.0000 5.2841 0.0000
    outer loop
        vertex -2.2408 0.8000 -3.2000
        vertex -2.2408 0.8000 -2.6132
        vertex -0.8000 0.8000 -2.6132
    endloop
endfacet
facet normal 0.0000 5.2841 0.0000
    outer loop
        vertex -0.8000 0.8000 -2.6132
        vertex -0.8000 0.8000 -3.2000
        vertex -2.2408 0.8000 -3.2000
    endloop
endfacet
facet normal -14.5017 0.0000 0.0000
    outer loop
        vertex -0.8000 2.2668 -1.5896
        vertex -0.8000 2.2408 -3.2000
        vertex -0.8000 0.8000 -3.2000
    endloop
endfacet
facet normal -5.3795 0.0000 0.0000
    outer loop
        vertex -0.8000 0.8000 -3.2000
        vertex -0.8000 0.8000 -2.6132
        vertex -0.8000 2.2668 -1.5896
    endloop
endfacet
facet normal -1.6979 8.5320 0.0000
    outer loop
        vertex 0.0000 2.4000 -1.4936
        vertex 0.0000 2.4000 -3.2000
        vertex -0.8000 2.2408 -3.2000
    endloop
endfacet
facet normal -1.3251 8.0520 -0.1300
    outer loop
        vertex -0.8000 2.2408 -3.2000
        vertex -0.8000 2.2668 -1.5896
        vertex 0.0000 2.4000 -1.4936
    endloop
endfacet
facet normal 0.4023 -15.9800 -23.1480
    outer loop
        vertex 0.8000 -2.2408 -1.5896
        vertex 2.4000 -6.5520 1.4144
        vertex 0.0000 -2.4000 -1.4936
    endloop
endfacet
facet normal 0.0000 -87.2400 -124.5600
    outer loop
        vertex 0.0000 -2.4000 -1.4936
        vertex 2.4000 -6.5520 1.4144
        vertex -2.4000 -6.5520 1.4144
    endloop
endfacet
facet normal -0.4023 -15.9800 -23.1480
    outer loop
        vertex -2.4000 -6.5520 1.4144
        vertex -0.8000 -2.2408 -1.5896
        vertex 0.0000 -2.4000 -1.4936
    endloop
endfacet
facet normal 0.0228 -4.5655 -6.5192
    outer loop
        vertex -2.4000 0.0000 -3.1740
        vertex -2.2408 -0.8000 -2.6132
        vertex -2.4000 -6.5520 1.4144
    endloop
endfacet
facet normal 0.0000 -36.2685 -51.7968
    outer loop
        vertex -2.4000 -6.5520 1.4144
        vertex -2.2408 -0.8000 -2.6132
        vertex -0.8000 -0.8000 -2.6132
    endloop
endfacet
facet normal 0.5299 -10.2360 -14.4080
    outer loop
        vertex -0.8000 -0.8000 -2.6132
        vertex -0.8000 -2.2408 -1.5896
        vertex -2.4000 -6.5520 1.4144
    endloop
endfacet
facet normal -0.0228 -4.5655 -6.5192
    outer loop
        vertex 2.2408 -0.8000 -2.6132
        vertex 2.4000 0.0000 -3.1740
        vertex 2.4000 -6.5520 1.4144
    endloop
endfacet
facet normal 0.0000 36.2685 -51.7968
    outer loop
        vertex -0.8000 0.8000 -2.6132
        vertex -2.2408 0.8000 -2.6132
        vertex -2.4000 6.5520 1.4144
    endloop
endfacet
facet normal 0.5299 10.2360 -14.4080
    outer loop
        vertex -2.4000 6.5520 1.4144
        vertex -0.8000 2.2408 -1.5896
        vertex -0.8000 0.8000 -2.6132
    endloop
endfacet
facet normal -0.4023 15.9800 -23.1480
    outer loop
        vertex -0.8000 2.2408 -1.5896
        vertex -2.4000 6.5520 1.4144
        vertex 0.0000 2.4000 -1.4936
    endloop
endfacet
facet normal 0.0000 87.2400 -124.5600
    outer loop
        vertex 0.0000 2.4000 -1.4936
        vertex -2.4000 6.5520 1.4144
        vertex 2.4000 6.5520 1.4144
    endloop
endfacet
facet normal 0.4023 15.9800 -23.1480
    outer loop
        vertex 2.4000 6.5520 1.4144
        vertex 0.8000 2.2408 -1.5896
        vertex 0.0000 2.4000 -1.4936
    endloop
endfacet
facet normal -0.0228 4.5655 -6.5192
    outer loop
        vertex 2.4000 0.0000 -3.1740
        vertex 2.2408 0.8000 -2.6132
        vertex 2.4000 6.5520 1.4144
    endloop
endfacet
facet normal 0.0000 36.2685 -51.7968
    outer loop
        vertex 2.4000 6.5520 1.4144
        vertex 2.2408 0.8000 -2.6132
        vertex 0.8000 0.8000 -2.6132
    endloop
endfacet
facet normal -0.5299 10.2360 -14.4080
    outer loop
        vertex 0.8000 0.8000 -2.6132
        vertex 0.8000 2.2408 -1.5896
        vertex 2.4000 6.5520 1.4144
    endloop
endfacet
facet normal 0.0228 4.5655 -6.5192
    outer loop
        vertex -2.2408 0.8000 -2.6132
        vertex -2.4000 0.0000 -3.1740
        vertex -2.4000 6.5520 1.4144
    endloop
endfacet
facet normal 0.0000 0.0000 393.1200
    outer loop
        vertex -2.4000 -6.5520 1.4144
        vertex 2.4000 -6.5520 1.4144
        vertex 2.4000 6.5520 1.4144
    endloop
endfacet
facet normal 0.0000 0.0000 393.1200
    outer loop
        vertex 2.4000 6.5520 1.4144
        vertex -2.4000 6.5520 1.4144
        vertex -2.4000 -6.5520 1.4144
    endloop
endfacet
facet normal 375.7900 0.0000 0.0000
    outer loop
        vertex 2.4000 0.0000 -3.1740
        vertex 2.4000 6.5520 1.4144
        vertex 2.4000 -6.5520 1.4144
    endloop
endfacet
facet normal -375.7900 0.0000 0.0000
    outer loop
        vertex -2.4000 0.0000 -3.1740
        vertex -2.4000 -6.5520 1.4144
        vertex -2.4000 6.5520 1.4144
    endloop
endfacet
endsolid GiantLegoRocks
